1 767a3a95-af2c-40ec-88dc-f4ef1d85e24d 4716 9309 9602 0116 <1637957506-1637957506-1637957506>
1 767a3a95-af2c-40ec-88dc-f4ef1d85e24d 4716 9309 9602 0116 <1637957506-1637957506-1637957506>
1 767a3a95-af2c-40ec-88dc-f4ef1d85e24d 4716 9309 9602 0116 <1637957506-1637957506-1637957506>
2 767a3a95-af2c-40ec-88dc-f4ef1d85e24d 5550 2820 2544 1264 <1333699077-1333699077-1333699077>
2 767a3a95-af2c-40ec-88dc-f4ef1d85e24d 5550 2820 2544 1264 <1333699077-1333699077-1333699077>
2 767a3a95-af2c-40ec-88dc-f4ef1d85e24d 5550 2820 2544 1264 <1333699077-1333699077-1333699077>
3 767a3a95-af2c-40ec-88dc-f4ef1d85e24d 4532 8931 1203 1338 <658857854-658857854-658857854>
3 767a3a95-af2c-40ec-88dc-f4ef1d85e24d 4532 8931 1203 1338 <658857854-658857854-658857854>
3 767a3a95-af2c-40ec-88dc-f4ef1d85e24d 4532 8931 1203 1338 <658857854-658857854-658857854>
4 767a3a95-af2c-40ec-88dc-f4ef1d85e24d 4024 0071 2610 9247 <2060675883-2060675883-2060675883>
4 767a3a95-af2c-40ec-88dc-f4ef1d85e24d 4024 0071 2610 9247 <2060675883-2060675883-2060675883>
4 767a3a95-af2c-40ec-88dc-f4ef1d85e24d 4024 0071 2610 9247 <2060675883-2060675883-2060675883>
5 767a3a95-af2c-40ec-88dc-f4ef1d85e24d 4716 9309 9602 0113 <1637957503-1637957503-1637957503>
5 767a3a95-af2c-40ec-88dc-f4ef1d85e24d 4716 9309 9602 0113 <1637957503-1637957503-1637957503>
5 767a3a95-af2c-40ec-88dc-f4ef1d85e24d 4716 9309 9602 0113 <1637957503-1637957503-1637957503>
6 767a3a95-af2c-40ec-88dc-f4ef1d85e24d 5550 2820 2544 1236 <1333698986-1333698986-1333698986>
6 767a3a95-af2c-40ec-88dc-f4ef1d85e24d 5550 2820 2544 1236 <1333698986-1333698986-1333698986>
6 767a3a95-af2c-40ec-88dc-f4ef1d85e24d 5550 2820 2544 1236 <1333698986-1333698986-1333698986>